==================================================================================
gen|  eval  |    f_opt    |    f_max    |    f_avg    |    f_min    |    f_std    
----------------------------------------------------------------------------------
 0 |   80   | 5.17857E+00 | 5.17857E+00 | 6.08810E-01 | 0.00000E+00 | 1.39258E+00 
 1 |  160   | 5.25191E+00 | 5.25191E+00 | 9.17004E-01 | 0.00000E+00 | 1.66695E+00 
 2 |  240   | 5.25191E+00 | 5.25191E+00 | 1.11753E+00 | 0.00000E+00 | 1.77047E+00 
 3 |  320   | 7.49716E+00 | 7.49716E+00 | 1.29435E+00 | 0.00000E+00 | 1.96415E+00 
 4 |  400   | 7.49716E+00 | 7.49716E+00 | 1.38097E+00 | 0.00000E+00 | 2.04174E+00 
 5 |  480   | 7.49716E+00 | 7.49716E+00 | 1.45610E+00 | 0.00000E+00 | 2.08312E+00 
 6 |  560   | 7.49716E+00 | 7.49716E+00 | 1.63951E+00 | 0.00000E+00 | 2.15619E+00 
 7 |  640   | 7.49716E+00 | 7.49716E+00 | 1.85241E+00 | 0.00000E+00 | 2.15941E+00 
 8 |  720   | 7.50003E+00 | 7.50003E+00 | 2.00461E+00 | 0.00000E+00 | 2.24351E+00 
 9 |  800   | 7.50535E+00 | 7.50535E+00 | 2.25498E+00 | 0.00000E+00 | 2.29487E+00 
 10|  880   | 8.20357E+00 | 8.20357E+00 | 2.51114E+00 | 0.00000E+00 | 2.33502E+00 
 11|  960   | 8.20357E+00 | 8.20357E+00 | 2.66926E+00 | 0.00000E+00 | 2.39570E+00 
 12|  1040  | 8.28160E+00 | 8.28160E+00 | 2.71312E+00 | 0.00000E+00 | 2.42021E+00 
 13|  1120  | 8.28160E+00 | 8.28160E+00 | 2.84756E+00 | 0.00000E+00 | 2.40960E+00 
 14|  1200  | 8.28160E+00 | 8.28160E+00 | 2.90460E+00 | 0.00000E+00 | 2.42827E+00 
 15|  1280  | 8.32567E+00 | 8.32567E+00 | 3.06325E+00 | 0.00000E+00 | 2.43577E+00 
 16|  1360  | 8.32567E+00 | 8.32567E+00 | 3.16771E+00 | 0.00000E+00 | 2.45370E+00 
 17|  1440  | 8.32567E+00 | 8.32567E+00 | 3.22875E+00 | 0.00000E+00 | 2.48311E+00 
 18|  1520  | 8.32567E+00 | 8.32567E+00 | 3.31231E+00 | 0.00000E+00 | 2.50529E+00 
 19|  1600  | 8.32567E+00 | 8.32567E+00 | 3.43946E+00 | 0.00000E+00 | 2.50636E+00 
Total number of individuals: 1600
Run time 195.3760209083557 s
Best fitness: 8.325674066666668
Best parameter set:
0.13
3.760246818419546
2.944977172557264
2.9452146335504947
2.234210799871944
2.227797365747392
2.9488122244365513
2.075715218670666
2.5731520373374224
0.9571088714804501
1.4016886949539185
0.13
0.0
2.052768293302506
1.672760788584128
1.3084374880418181
0.8344217715784907
7.418603813275695
9.127056621946394
16.969287837855518
32.33924866421148
171.71939710970037
131.304240913596
300.0
0.13
0.015
0.005
