==================================================================================
gen|  eval  |    f_opt    |    f_max    |    f_avg    |    f_min    |    f_std    
----------------------------------------------------------------------------------
 0 |   80   | 1.38721E+02 | 1.38721E+02 | 1.00851E+01 | 0.00000E+00 | 2.87455E+01 
 1 |  160   | 1.42680E+02 | 1.42680E+02 | 1.43199E+01 | 0.00000E+00 | 3.53606E+01 
 2 |  240   | 1.77943E+02 | 1.77943E+02 | 2.23496E+01 | 0.00000E+00 | 4.46957E+01 
 3 |  320   | 1.77943E+02 | 1.77943E+02 | 3.13458E+01 | 0.00000E+00 | 5.00733E+01 
 4 |  400   | 1.80815E+02 | 1.80815E+02 | 4.11599E+01 | 0.00000E+00 | 5.54639E+01 
 5 |  480   | 1.80815E+02 | 1.80815E+02 | 4.30967E+01 | 0.00000E+00 | 5.58292E+01 
 6 |  560   | 1.91832E+02 | 1.91832E+02 | 4.87720E+01 | 0.00000E+00 | 5.81526E+01 
 7 |  640   | 1.93828E+02 | 1.93828E+02 | 5.56326E+01 | 0.00000E+00 | 6.16861E+01 
 8 |  720   | 2.18033E+02 | 2.18033E+02 | 6.37757E+01 | 0.00000E+00 | 6.54895E+01 
 9 |  800   | 2.18033E+02 | 2.18033E+02 | 6.78532E+01 | 0.00000E+00 | 6.67163E+01 
 10|  880   | 2.18033E+02 | 2.18033E+02 | 7.11863E+01 | 0.00000E+00 | 6.80214E+01 
 11|  960   | 2.18033E+02 | 2.18033E+02 | 7.41235E+01 | 0.00000E+00 | 6.84287E+01 
 12|  1040  | 2.18033E+02 | 2.18033E+02 | 7.62422E+01 | 0.00000E+00 | 6.82425E+01 
 13|  1120  | 2.64240E+02 | 2.64240E+02 | 8.20230E+01 | 0.00000E+00 | 7.38795E+01 
 14|  1200  | 2.64240E+02 | 2.64240E+02 | 8.35328E+01 | 0.00000E+00 | 7.43252E+01 
 15|  1280  | 2.64240E+02 | 2.64240E+02 | 8.80424E+01 | 0.00000E+00 | 7.46054E+01 
 16|  1360  | 2.64240E+02 | 2.64240E+02 | 9.34652E+01 | 0.00000E+00 | 7.33480E+01 
 17|  1440  | 2.64240E+02 | 2.64240E+02 | 9.59903E+01 | 0.00000E+00 | 7.40761E+01 
 18|  1520  | 2.64240E+02 | 2.64240E+02 | 9.83804E+01 | 0.00000E+00 | 7.55607E+01 
 19|  1600  | 2.64240E+02 | 2.64240E+02 | 1.01420E+02 | 0.00000E+00 | 7.74447E+01 
Total number of individuals: 1600
Run time: 199.70543479919434 s
Best fitness: 264.2402849184716
Best parameter set:
0.13
3.3251197868492453
3.3773071693256496
3.3736247880384322
2.3202797472523526
1.7859095251187682
2.418779846280813
1.5979667203500867
1.7556653190404177
1.1923805030668153
2.3473879797384143
0.13
0.0
1.0304917660541832
0.6261549966875464
1.5865634195506573
1.206106198951602
8.028187262825668
14.187274943105876
21.96389720775187
20.091114528477192
66.86768194194883
133.61442610621452
300.0
0.13
0.015
0.005
